111111111111111111111111111111111111111111111111111111111111111111111111111111111111111111111111
100000000000000000000000000000000000000000000000000000000000000000000000000000000000000000000001
100000000000000000000000000000000000000000000000000000000000000000000000000000000000000000000001
100000000000000000000000000000000000000000000000000000000000000000000000000000000000000000000001
100000000000000000000000000000000000000000000000000000000000000000000000000000000000000000000001
100000000000000000000000000000000000000000000000000000000000000000000000000000000000000000000001
100000000000000000000000000000000000000000000000000000000000000000000000000000000000000000000001
100000000000000000000000000000000000000000000000000000000000000000000000000000000000000000000001
100000000000000000000000000000000000000000000000000000000000000000000000000000000000000000000001
100000000000000000000000000000000000000000000000000000000000000000000000000000000000000000000001
100000000000000000000000000000000000000000000000000000000000000000000000000000000000000000000001
100000000000000000000000000000000000000000000000000000000000000000000000000000000000000000000001
100000000000000000000000000000000000000000000000000000000000010000000000000000000000000000000001
100000000000000000000000000000000000000000000000000000000000010000000000000000000000000000000001
100000000000000000000000000000000000000000000000000000000000100000000000000000000000000000000001
100000000000000000000000000000000001000000000000000000000011000000000000000000000000000000000001
100000000000000000000000000000000000000000000000000000000100000000000000000000000000000000000001
100000000000000000000000000000000000000000000000000000000000000000000000000000000000000000000001
100000000000000000000000000000000000000000000000000000010000000000000000000000000000000000000001
100000000000000000000000000000000011111000000000000001000000000000000000000000000000000000000001
100000000000000000000000000000000110000001010000000000000000000000000000000000000000000000000001
100000000000000000000000000000000110000000000100100100000000000000000000000000000000000000000001
100000000000000000000000000000000000000000000000110000000000000000000000000000000000000000000001
100000000000000000000000000000000000101001010110100100000000000000000000000000000000000000000001
100000000000000000000000000000000100000000000011001111100000000000000000000000000000000000000001
100000000000000000000000000000100000000000001000000000000000000000000000000000000000000000000001
100000000000000000000000000100000000000000001000000000000000000000000000000000000000000000000001
100000000000000000000000010000000000000000100000000000000000000000000000000000000000000000000001
100000000000000000000000010000000000000000000000000000000000000000000000000000000000000000000001
100000000000000000000001000000000000000001000000000000000000000000000000000000000000000000000001
100000000000000000000000000000000000000000000000000000000000000000000000000000000000000000000001
100000000000000000000010000000000000000100000000000000000000000000000000000000000000000000000001
100000000000000000000100000000000000000000000000000000000000000000000000000000000000000000000001
100000000000000000000100000000000000001000000000000000000000000000000000000000000000000000000001
100000000000000000000100000000000000000000000000000000000000000000000000000000000000000000000001
100000000000000000000000000000000000001000000000000000000000000000000000000000000000000000000001
100000000000000000000100000000000000001100000000000000000000000000000000000000000000000000000001
100000000000000000000100000000000000000010110000000000000000000000000000000000000000000000000001
100000000000000000000100000000000000000000001010110000000000000000000000000000000000000000000001
100000000000000000000100000000000000000000000000001110000000000000000000000000000000000000000001
100000000000000000000100000000000000000000000000000010000000000000000000000000000000000000000001
100000000000000000000110000000000000000000000000000010000000000000000000000000000000000000000001
100000000000000000000000100000000000000000000000001100000000000000000000000000000000000000000001
100000000000000000000000010101000000000000000100100000000000000000000000000000000000000000000001
100000000000000000000000000001101001010010010100000000000000000000000000000000000000000000000001
100000000000000000000000000000000000000000000000000000000000000000000000000000000000000000000001
100000000000000000000000000000000000000000000000000000000000000000000000000000000000000000000001
100000000000000000000000000000000000000000000000000000000000000000000000000000000000000000000001
100000000000000000000000000000000000000000000000000000000000000000000000000000000000000000000001
100000000000000000000000000000000000000000000000000000000000000000000000000000000000000000000001
100000000000000000000000000000000000000000000000000000000000000000000000000000000000000000000001
100000000000000000000000000000000000000000000000000000000000000000000000000000000000000000000001
100000000000000000000000000000000000000000000000000000000000000000000000000000000000000000000001
111111111111111111111111111111111111111111111111111111111111111111111111111111111111111111111111